1419094344993393
1418219721743546
664759883564415
408746712588098
311578855647819
580509052016462
523415317736553
544289055641314
464563246984945
242868889195129
210960159067521
210288412471230
419525851434524
153730434767683
444726878907310
445584738825994
479800218718118
430696380311628
448040268567781
489193004425798
434564856595950
393272490693051
124232507700954
413967725284708
357454897629063
232613490167624
185698308199537
366135326730825
173325766109574
339262709431973
341616195856014
246857105375722
317816498235563
307084875968425
234150509971876
250869134959333
238603872853902
294158707265479
153457844743588
254060317967657
247035288671655
205329999530901
191988034201862
115835308499029
203641306332937
145998602133038
166170380104889
203056389718724
148854415178919
107767052638571
130934333647047
149465201779931
136479626417851
201389533210442
167206506660350
125875307482125
146845108707703
191727237506397
182013391820573
106598302745235
118315524897479
153637871348321
164446316909406
141109912603683
105319326199967
102378963160712
157489590938873
163207747023234
148813461822898
119385634781576
134909599888474
158711967477235
123655434318177
exception occured for value  105381516173328 'next'
1455023884725154
183907548478249
463173333804368
368250199973624
300891453386454
540582586014520
575926652427755
124583844380450
331948856918101
309421149164076
134138703405298
331502330281351
117757071712407
353043311453528
526362354046490
exception occured for value  110596305715677 'next'
457370341038606
616492035061446
579022342167477
265568270257756
166408400235578
660048600701572
231182293718544
1380703772154568
465979563516291
1390312877875664
669056039806213
738862566140852
210129155826535
490088157755479
1425454274332872
443294589114220
566183076788827
641066059249293
414808651954986
439693276151282
166919923511492
518191338269215
525096054234827
448376778609090
640439245996561
588091411229496
438013819652103
566188650083364
577439245653188
519133471510533
390564044399764
369757119793595
371491779639890
190906931061652
131986980326967
530011450377996
183839298437165
135616013292382
470478529691780
492039697516637
239807056162980
542604415782704
142534915927604
231534230321860
532565383462662
500265730035158
573420982682648
378706102237075
298770500252691
626466670700542
461323277272022
475266179207813
109071032596421
464346986964692
103114726530202
516250131759060
396121580483523
304912289611279
412474252179563
479368642121981
416918661725222
333801880063286
407698275978973
393699947390070
398846633527826
458139960890125
302276543207765
298294503615811
425354060863438
408624919207120
373896059371143
308325762615468
467602316624951
123150544509557
427204794011178
122750651215360
441638312561167
532633360083758
529560197071615
358599257566756
416571491730516
155507387923886
122572771228110
127728434041187
185784531557803
371186382959328
228872797240572
379545378781784
371351739608776
421992421193015
466701120018266
438293102879494
465586443475269
411634405568078
347360845348994
435256019851407
548695481826780
354331297976909
472239482804547
150932838358033
441620615864618
124858707646407
140639336066831
261360390627581
275487115869798
161959950593956
110845675715560
272333909514508
214841968624073
342737489110811
406139682736637
148130118642404
364176443613501
320977841283172
162441810539997
243121982438684
256335204446176
235629416521464
301209243268299
251107961632211
351151548237176
341559759198832
229718843779583
355765297769516
101138210007290
329533247067124
173759046056937
197356087027285
307139659307387
304208102933507
166946796736074
244820252246760
113022108811305
246331485402069
234391513291620
161538237268321
178959948857229
283797714975107
268630849847640
198375090236444
177968025619585
233440866709985
186500184759862
132098746892215
144060469023814
254729241229603
214855188574860
232715130110576
125273867573347
279141668766190
263169930381517
114310282007510
258715964159672
189901751082959
235199853193144
270262019668911
141470192614627
191638000901979
143416185731207
113237852091819
187425794635000
169427103103121
151033091619035
189212121098500
136833676379193
180987325274470
191642080847343
121475107921839
135484176506012
158589717509822
152063028168182
158850824145912
157620547593783
153772504657190
120979814624426
147838195254347
116549391734350
150499121645047
120424238010022
exception occured for value  119267201443847 'next'
541663592589308
524181811011688
640194852664377
509375842452596
468238719908784
515751715143609
285216471597661
493515080683105
149414125205265
263455220415696
143208025806711
286298268110845
283450388391004
305605362825915
302691246446953
292894230772741
224583050941827
300030496675005
270483616315784
117129308394633
269241953106885
202257133175098
227507107297953
187019981343357
131510480255878
203314673014989
128025290602078
154602304593915
140758469319677
187342611288650
exception occured for value  126188497451907 'next'
237165076432782
184382981745564
339148116115747
181270858614860
272802829403892
118169364926232
107958399280935
187399941279812
155778177795768
143418292361592
198270722670
186676050145
180653316955
168121152446
160538631052
161532843258
174595676857
exception occured for value  142453012359 'next'
257400017697996
431483906867527
180520728726608
198675716905588
295316327208687
153794534743259
305332216187153
371958256156379
185721164867368
225772380850464
224606694300950
119656248157113
334927613192621
209616515793130
244290872309552
222849067798736
328895280464237
202889646455810
173709289386759
223390277728030
252062244843038
269005179798506
203106056425526
176205945793816
201337196600982
257639780944978
162261637195790
189940684408144
263686586996316
237833326262569
249413465102765
129737783791965
164895593589163
221051544610577
267180139976419
122233951197032
110713208957547
141541725914871
145355718862125
207137445981734
201914776495437
147459345309005
146852762023691
200633679961576
201660453185883
146457432055670
128384330568260
142507232476439
145198095539312
188897641143735
138474249549450
190317780997769
130178740382010
167528756609661
133700683361194
100139656730803
177154412295805
178996682116443
105116016225334
136921486358702
113762955354868
163485193677302
116604761731530
151946788175085
164023070290542
137378002975360
151608238206551
150117995017677
147488025262939
110901822259847
10150106870695456
293743026901
253045191871
176561306907
289851325283
151499559090
142161228455
154657983311
109932097822
exception occured for value  14774107899 'next'
232673443448927
exception occured for value  155483594539886 'next'
528567000522813
507069709323770
523614480985080
396306820439464
228677347234647
212352985501304
143839792377863
145034088923834
245270568846464
207901992567761
165065373542758
178182215551930
exception occured for value  155926904436721 'next'
115549905193537
166701190055165
exception occured for value  160669860660729 'next'
227007520803898
747880481893630
641012379255422
552043091538954
525402620880325
274835585975115
exception occured for value  172087739658866 'next'
359979437440905
547813101916198
394992793919459
118635671624531
196106707190140
363110890440953
484784541546278
269263953153114
302813136438837
254542274624319
205783856186590
320681617984298
317590731609686
177708819000610
306795156023983
253684204699254
216152501806157
307264179303789
169139459847653
290292644323972
266574276713389
292654467429068
217368264996598
172715219479787
285363301483630
165386126882126
207141376019395
136142009815842
217575068300392
152012698220286
192735420792567
216247951756706
206047782748698
172809046100979
211286035552429
143914182337892
132564770141878
105347866209447
188944184466629
104742569591781
103572669709310
106393896090577
172600753534
164279268739
exception occured for value  181408377153 'next'
508390362552173
438419256232215
323379157764904
354111554703605
322041427897966
128802110610020
104632439699510
155895357885513
443456085693613
447916535252028
201689096521388
206175816069611
200911319923908
194091473943264
111838292214108
162916810405173
152596218111956
178821074985
166305198753
68441299172
47069022908
48444346312
33912328964
87737525461
42059275378
42302400468
exception occured for value  18455381677 'next'
667833176567127
exception occured for value  187006588118274 'next'
1434390530113841
176891612435569
394951033899542
272686136146086
331633650206880
161682283928518
288281434518862
105414489566380
211067975613772
exception occured for value  195042647210055 'next'
167321260014224
exception occured for value  208975819125459 'next'
210567232329839
112904732140557
156947851044747
exception occured for value  219353684191 'next'
496360837061383
129809260504303
373786759320482
197653587003201
131947906872081
191604334192245
188329957856072
126384840753792
150243458354265
166803410015930
155474294486940
109061099152539
143139112393513
118241588193903
114505688569969
338533657368
292892814318
208091600151
165563194745
83417068884
5858563321
5408732851
exception occured for value  2200032685 'next'
1382967781950546
129200557250463
1419079654993235
625372670858675
507756365998549
445025128942375
646286412089623
1472971902928398
244824162336549
463093443803419
1424571867757571
585828878120825
377901255675302
211604882350256
624501370926485
572408306141225
217235138450087
361713893960974
207517402757338
1393160004247333
421499597954840
561873140539922
197465463765543
208103982691412
215228668636798
470353196367920
121005938095890
597754440252142
123720577819251
506640259398490
354420718008459
166899716801256
434104180003501
519709308070234
358726067573574
142468279252439
158342020990011
100182163500980
164240643727073
468193883245188
212806495525395
417220898366157
384691434960349
314492855338436
154009281415761
457361690966112
357320824365938
305686196202197
391143120962343
436983989696262
174564352683053
405339989534417
134955319986850
330481920384432
301814853265434
290441621073270
482623051757966
480624578636629
476755029021851
362868397130590
313022125471592
499463753399401
416517168407446
348676645223876
108975005922619
363160277092937
476600815698013
485393258138140
354571907953890
262015193916123
384887868201254
209403269162161
307439012660273
217407165032368
326876547376251
127381214053742
250776135014929
312673832120330
335302959849458
353296751371234
275212555885452
364458450246165
236993723050674
203797373052044
292683744119574
284650004931578
115254655263466
108809795908617
285266041527012
207484142677177
313983078646307
334923726526634
325961964092650
273013749412291
118671151578169
267210346658616
239259969469339
100785666704455
123827814393804
216535538414804
234046856653444
136863603082083
293694533977701
226150467445707
225031167554357
264748706898386
249043655138532
198185976917294
275584442471735
174658102609266
256829274357701
172529652822050
120610934705450
264162573602179
269317216412161
249158931785620
204678702895962
199738230059849
165846470139047
202982549723957
163708933683093
115218795225587
131586100244550
138255976243006
167692846613840
113392458737040
184182458285202
190129444342942
120783134649835
111588645583608
160390860679225
189912371026978
106655752744385
188644367826673
107098516033731
182015828495830
155159427866897
101452469932054
145775842144550
119814574752991
164403146929951
167785989923008
167988153222778
147131308666765
129437853778041
128390163882577
136871469693744
159460017421367
163641923647570
159590187399597
112115272182632
149412445095758
151401688234087
149172655123117
147517951954322
160484227298721
158790077465137
152357361460098
155288447817379
143552269018620
133903703321365
113031492061969
120092351334330
113826341973729
101058849937484
117389138273373
110401145645259
111744312177312
111182848905527
108560929166575
109433229081655
111994605478120
107274069301008
335627767396
353698091779
268798775903
339555255883
279685123965
297397975669
474727295194
313300830548
261059287894
281244046035
269488811993
246316287659
189847367109
201107546018
192920101125
179871771869
193868550995
171333787869
200876651717
190422400147
180010207056
147739758084
152180403880
149293053994
141579124871
130556693303
271139505463
166254066479
133551673732
162611852066
133156417830
129390346596
126979180955
120032568386
60861199825
93836796064
160803540612
87014768632
61418629363
83087100428
56305074220
72537774179
133024595692
70159319568
54394398701
49431767262
129095700181
45933914662
48722901237
59177463973
40203389018
46212162922
55687897834
102114065023
36571744181
37509003887
96384455275
40280406956
44804796504
34454853698
37960130403
34338077851
33939390145
32204773353
32020143146
30354601218
44523038440
33431121362
92688120584
27403493855
39104690906
25816078509
71488260583
24859812421
26144126772
15556152773
11412410757
34212895234
30899220595
11781717970
12510584357
15614365179
12372266806
24041373832
8879966748
8478615741
21465849928
20295810721
24367385561
8067927883
9603778437
7574264159
6780174068
7896191431
6535431723
20130715888
20499532424
6227847863
21039216440
6079205204
5253149499
7174617460
6613319114
6748985937
6853731690
6184941230
6199386321
5521653126
18652718720
6373782679
5058781138
4684984314
exception occured for value  2200040765 'next'
390843057715242
199897976858367
331841803625924
127346475327
52466876570
122957440014
48978687877
59982479112
48489907308
45302669591
86413140647
31700463879
30868207873
24651887569
exception occured for value  2200124881 'next'
672722852747099
333809100096329
720935244598626
325090194304291
183613668457143
422353077859686
456551524398931
343844305733218
149313941893804
608110655881444
196894317116131
240863296047998
127311074104356
303618176423872
353642221399081
436054196443584
353075698118126
237757836350449
528613920486668
425598360830374
413864005329493
343928445697747
410238192362689
276175122498368
399637160090524
350931578321321
409370262457804
226942217405300
361477533896448
250686145025670
268763603201300
196648180439807
289545937775613
176576609120074
225756257512271
155213261257417
120830618022314
150553205034662
269152103113200
188232501242130
204339219589628
213153572029590
200271643328834
120484451362817
111953185547389
193864700629358
187834237912728
187116064639760
171226132919389
134938483221714
163905640303114
127106950677995
151228508246130
155496254491060
157869134242338
124399217610997
142183105824593
100392213357349
145020698868788
130693413643947
102095223184239
105629849478436
295072002699
103482279689873
322922297847
109216612440937
343060247812
313513408645
244613506900
387364575462
181393200196
189005925864
158151986834
143707562762
141622823099
130958699311
127887940605
152611048031
121118589412
76813785063
69653847652
89475800080
69003251002
74619107353
72788188893
57617842548
54572724750
55248934215
51961713013
45773212367
131256405120
47032086822
46173023974
28430357724
37282510492
42071902368
32671885635
30223905043
38846045914
23386027187
23706530429
8915208306
8430964718
9012871942
25364212176
9693076996
7603168878
7309234886
5375538090
5944244335
6249443357
19357348760
13946215011
5384228902
8227035914
5071406233
4993507070
5069234818
4862512818
exception occured for value  2200204944 'next'
345235568883222
462387680457122
140498092637636
128620203846712
122762184434139
120918977950653
132987240045887
115029348510870
110913408936573
387639261384
351675618007
330848194536
318473171804
159087046748
112391364286
118068069689
109413879298
exception occured for value  2200556148 'next'
324646817674133
358848317553382
185549798259172
597692183578595
197438087068265
498200426896507
164847386989241
347100622044392
301014309999074
366059036779575
321012814627530
258148744272384
391869937494460
388956724451144
211864095573825
300400006648565
326251544067916
309083535788798
141719729264855
232048043527542
113000658811668
281142961908296
186940708047916
299363133410463
169497543133911
118765754896143
178579432219869
250185451683148
147712445323578
218659128187640
211178322275851
161574023922609
116610458418471
141084099295072
201086666580483
211943172153146
108173089262159
140175039379307
151122744944097
173551382689712
162114350506574
171865892832884
165376380160451
174726609205865
166281400060592
170371376307596
115576185171706
167408726609759
138432132870562
122949704426429
155649201122072
103935596337797
155299121165546
124525380932668
147883591909064
115367701825846
115344918477183
112772072075213
105328722839477
106910369329096
101546283218438
340957232025
285118232942
259735417434
188826132712
194735399387
157815607964
154845918737
151630342304
143839267623
271116590396
121418218423
123157739519
139933318840
70401752229
76195987259
78691972463
54264278010
60028443523
59435778905
46162801913
63289596182
50309422819
113569235634
44821886553
39651545587
33830159666
31957920508
33547553751
39452529121
30470288591
32846856926
29092433715
29595918527
13535971353
36868314049
51632425448
40043543576
24654268845
27728502796
15324026137
11755515911
10854043292
13927935980
8965029404
22835640436
20357240541
7774104340
7276114509
8963611214
6090620731
5470023010
7616541340
5679933130
5669726747
6407086805
5155143630
7440881180
6678857501
18616336288
5050206051
exception occured for value  2200556172 'next'
296783280424730
511160585573490
459867880736062
283929911725456
329777153749656
101012780030165
372161209470981
360652217292412
380375975311735
332129736809399
330905700262645
221856797895140
328213240527121
259342494116613
292903367395216
129222137183876
119668734803826
208641785841912
188973424506424
247601265270896
139039746185174
107831572641277
129668430440837
150130438388281
208070195879184
109496385799462
203990802952657
185382634840418
130680557002292
168311316525606
140679649327161
153558764695674
130451010348411
169111113128665
136728776373627
139200452794510
113823165340068
148652371826865
111099022262221
121542111190124
350930980917
310485099694
207962539637
236507826343
183102271983
179300367494
27442610816
13018175999
21878174632
21136510412
12059640259
8195103911
7747184667
6122879874
6469095913
7294921548
6129789396
18497497368
5839513612
5388650274
5292463475
exception occured for value  2208970026 'next'
665514860159539
371626452972442
1436736793220501
1427182684164716
307969686007713
338484576296776
218021058371542
235576156600477
734636689895211
503829186375476
574187759295401
375695665867267
425467054226442
167988020072180
572581832779327
223425167814293
630080130356066
150877561787175
178452972338675
544531772258251
500398653342430
287376634729266
425812807510795
451335081606447
345071822274186
417320048355198
265998753533694
430377457032454
325843827526854
404872166250884
289165237869446
403449853060202
364610376963591
362267930531529
288186361298748
130248337126493
374636982620083
106514696177052
512707792073858
258941880895179
441136649256102
155983471212697
387658391303989
198792713586308
506185542744726
520304401329798
352759108150903
145432552264702
134814499983781
122512381215392
401638519848601
398014020212034
271834236230732
256298631127078
136237486505973
374454839241274
343282625709215
248217418595373
108963189228438
230647293683710
169355273170217
231502330264427
166944906744936
321165281241324
133432166775034
249530201785637
308764962496562
196182187129846
279703072065845
304840806207874
283586028330562
144678968967055
306594829351167
164359503659348
185341021547402
293925140620302
198591836880027
237690229612152
198199833583827
149578558469047
149843131773604
168088099936670
143900232370209
139334976138010
212953712055286
113820588691974
196376530389607
188838134483988
122295024510729
165457923473346
120683574655673
155722504461267
122328114487951
136950216349433
144422862265232
114694708549061
105161966186940
110285065655946
381300495648
339170679023
284760964404
295907874330
190599589641
176912415801
160330387848
79199972505
48689722636
43248303153
26391818118
12315190829
exception occured for value  2211303362 'next'
234621576700491
620789207959902
522609727823520
648756341825517
1421638744718183
531703640239478
522572807836411
382709198522285
215538965278193
187940294720035
297792757029295
622818584419786
168688869967584
147311565464442
547628938614323
112541012285175
163991857099406
314596968667808
498628506851539
125791900938569
599484106747534
440511469364945
447608491984226
535706616468988
128239140682975
119776688200075
209823455824287
146934165462060
100333566803664
414268511962377
168622893277908
284778334965391
284308045009004
379863608750755
529007073781062
463292063705165
395157110514733
285562841529147
210841805694556
401659183192706
298479816894305
211503032293479
364273756958909
310625715675376
261366353952327
273884376027238
265830400163266
206948962746407
315959351800187
255137867900923
225474230881163
159261367527076
143640292422775
246080562134442
262132900524686
217920664965638
245707252152534
247994178591043
198425066901386
208816822521726
305826932763031
259224614130207
208739965862868
260556780654722
131507440284307
168539216564046
126448790790187
250106978364136
254377644602661
134050263358401
182994761771592
110029595766293
159087327491216
147411365313237
166496623403631
206937215997015
216855748331253
190421544302808
186924801325941
157655260951720
146343242092343
128282767237094
132560236811583
157405550976395
127728543959624
179767905396680
175472332489638
186607638023747
144359898953489
158696854173676
167998873224240
147798678600003
135484366503129
153769037995517
151469791556449
164404233571150
154465914576226
160040037344486
111602152230648
109846222406041
114975441846335
118774064809126
120839137926349
114984788513922
111660205517200
311611784270
298312057629
274230692325
284384738144
266720266921
229582953509
239834307651
205490525199
209513465258
167842767571
295684165206
143444643441
176924153288
126113863891
154169854847
107190385212
60404902948
76254876775
60892853275
51984593393
61527798512
46983108773
55445444812
38182599639
51001967392
35098758943
26810439363
33802270811
26895606028
25778502965
7759484916
8396258457
8522017337
10212911819
8410158353
7648279309
18308890367
7917382131
6017879330
6003112137
20526472600
4967314582
17903894920
5612211053
exception occured for value  2223180042 'next'
1422217471344340
239664072860407
197319677120216
1426649284229941
378180735647662
569006556499156
511026325657253
582969908427608
384641411664563
213994235419727
614192875260346
529806907048483
245183965609663
295877450525317
475917465773553
119980391487490
411713718884076
361942907193626
462124880494725
274130229360134
502964993050865
362951417108577
420257154661030
389139504437286
278050688896988
175371865890116
125604964214628
276089072429159
288518101172093
185787638168206
304338212913410
224767740911886
281520901858242
237422422970060
259829757372376
265447116818022
339811880981
10150097040650508
225568811694
163877417361
156784502905
135495961295
115460071303
71831143727
57350362198
60840430779
56349959760
39392967105
24793816943
exception occured for value  22254650903 'next'
334312886617626
325832084141818
exception occured for value  22586725313 'next'
303528579716988
300413956694809
374901349194037
219436344821346
186914404749557
263824587019800
291247747564792
275838435788967
249983495051824
102201483222682
148280818602418
159388377484009
231094413593687
154861487938102
173174306091653
236231356414149
218007481584198
exception occured for value  246123488744557 'next'
227899130640319
exception occured for value  25150995247 'next'
539337506132510
505610249475925
460522294016609
359650150814127
509516769105931
483877655001061
496299423752039
548752118488808
548476428516169
127284684117053
474036445984561
311785632278241
404758139594889
488561074507806
244692878992538
298363536936833
545808758768984
469446579743153
387149034685633
328626507233148
364493610292532
271277942991120
304472592993721
380986165308450
377964542225397
214077308700492
319647474746536
exception occured for value  253169314753169 'next'
776506559043082
120915988020323
110059905765293
exception occured for value  278148162211021 'next'
388004394662969
239141906237669
120252351478814
175176699313632
127799604068187
299352010185801
180016712138202
413748692011485
201937259937381
394613383920756
363528030349875
195495413888435
311917675505297
138756266224646
135914723172958
206194642769964
154918821225618
175112792513780
146644335377467
143534772352036
106995416005869
235712122249
287189375082
243805930295
67691069104
58749915975
42093521949
44903992248
29004091850
19651913289
16207378009
11977901587
23516778064
exception occured for value  2859115362 'next'
655125671186692
116619388527297
329115513873351
539825816040347
330544757054877
196231203852978
151066231714353
408078839259675
278501348917083
385799248131227
338057799548037
238028149604580
exception occured for value  286054264776608 'next'
523654671013102
443614102342539
551508111543006
369152023166524
291863694252660
302876528808
149921946813
140800608002
124912253314
67765784899
37808053765
36228492871
48017190208
46683105259
44930758205
32508793785
43060283437
33187037333
30890969579
34875556569
36557041196
33239170527
exception occured for value  3072460200 'next'
107667129386278
exception occured for value  333923473328865 'next'
227816630682330
exception occured for value  333961479991731 'next'
439574919440857
exception occured for value  334128179975061 'next'
584783918246811
exception occured for value  337055773015635 'next'
294647597297447
exception occured for value  341591699228709 'next'
706655076012956
265874213560671
exception occured for value  344421032279109 'next'
452640964845019
588878991172344
exception occured for value  357239704394798 'next'
1392443921003009
179721722231739
582591331807029
245833705569938
419180388190747
424460260996978
344626202334975
636713319674901
446421895455635
1386250644931113
575147302537762
204900489664251
157205334460698
262739863864347
462217203856272
181104785376843
502983973096759
280310398766661
437075269705942
217449075061943
478981688825863
405127572913973
539369542760104
332382136870566
121088511393813
363102263776019
266947946757248
199575436838166
170202983113358
173948499283483
355411524240
294270911977
295742841404
251448437078
192368586038
195828423122
170064954108
exception occured for value  36422246306 'next'
185903498266983
745811162101419
233497850143176
153694474840674
707430152618495
437401356379612
205119506292504
306721536110304
174067659401780
537283776286217
420644911330113
exception occured for value  370037723073774 'next'
124070314424044
199013253498721
247092501995423
exception occured for value  39897023586 'next'
354538778010683
253803794756005
488879344482363
136086036550555
421537981245254
exception occured for value  400483523339526 'next'
1406328432938548
564711486915948
exception occured for value  407660596010177 'next'
1443257762568519
347900302021113
exception occured for value  415447688509776 'next'
238539966254387
exception occured for value  431377650211944 'next'
355797307854945
345636122207907
380895051987684
361286410629625
361712093872915
381149288565627
174059262683422
282276655124790
285519401460366
145861902145895
159640037428308
194201550620817
120075838064591
101929959885335
127857550605243
162602753771803
158110737558182
121973997855894
143458862363656
113009462053478
117844854897395
111115932254943
104846806220943
109158012439612
196658134739
187753508632
150740154078
146557006697
125434321386
73835880002
72305906041
49749103825
49326626629
106497695520
30424004742
86852125050
35425361993
30544463182
41864027632
34861610231
11275921483
10647518546
10085643846
23683729672
27924440025
11462597135
7676803309
6984135945
5083284238
5130344143
8308550010
2310084753
exception occured for value  4669786771 'next'
164519560411099
134206749728
199351415634
exception occured for value  46939724060 'next'
1390240294557297
559096060825969
551851458222695
543269999075263
218946598274536
478948465545961
577602648956346
531344173607012
173071219548717
511264775625404
exception occured for value  491102987646619 'next'
409482925845216
exception occured for value  562623267125550 'next'
366601270112095
504278006281293
532381316794633
260433094086543
381751235241829
290297551080848
385407488199547
442633252419095
325232557523177
375094765850285
344756835544151
168736589872786
209797245714498
218224144860828
162227387165663
163312120381632
172064792830939
188534367826878
158899190799773
162261183803868
150593511627164
150670084958897
115779141783900
116652765029043
113448258666865
104885552883618
344909704783
326038875035
310618995263
343244892906
277002683964
299101953823
172422151537
174419534141
156893111435
151021287222
80527156231
103355677024
exception occured for value  59192320070 'next'
383549288457580
1436327483247939
1390805417826422
688514941159072
467305016717220
482854341813313
429456537168036
605129502878491
1425334637686310
508775375880807
229089607243375
639296476105259
522484837836870
217772505013281
470761869689229
559515020765075
213393355491570
301474296665437
380553375378024
533080246751707
127523107442535
177105639108491
487700907945924
412744525477830
121646944687539
161931590620589
486672068048276
481323005257269
462028527187947
154563341361356
229848853812518
471247699585530
506818359337101
131044103714260
292728104171264
158504057629019
241143969346019
268191789950297
200926733375137
419669381425439
114256592065654
118679994949301
153636484776125
399742953381049
378160705587698
425565387496046
271767619600112
434902806556232
439088949469363
369514536425839
473077052717858
437810626247510
226039484162701
426848773997146
308936052507437
199141126856392
234034616671188
148808381907401
233109376778321
210232879066429
232194936847990
259759204071749
268665956513739
126490744125060
172897649464501
147525348678971
237005706351867
257064714337866
254655477903607
222353324487250
255301687837063
232010280184325
150899864994220
261347323894808
192880914102082
240967339266963
216890641684163
154626897939839
211279792242751
194624100585337
112554505500258
205609899478397
212425618776406
159458187452515
178988195482014
162571253795469
194591687219218
138049552924064
186911781329520
142965229097566
160455984005276
146858965362982
143180209066031
164060763629921
118931958169224
161156743915107
103752273023948
158969930787499
159814800700303
111883915521336
117678164927822
500070540219
318549702696
418837995359
220880059697
182737998825
174245262286
146925352705
167133008674
177320517497
187597355648
265592750060
131819949565
125340979772
74004773902
56712262379
51091288254
49864457900
40981712182
33254947290
86660030611
28086404871
36865365947
30829005442
37950517164
34817556220
37322226880
16054586906
10230449785
12151816346
19857755036
6911257803
7285783141
exception occured for value  7101769051 'next'
705700206121661
669486879751132
556636874421517
446959525408044
190178387838445
257700021046058
601974433199172
355594541251909
604765506248288
495474607215182
1421447474734494
580162782050151
367494976716484
329920177150229
527949803940566
667180179959651
569314046467436
201599183356100
181512682032418
677234758954564
163449227190311
506764266080527
347943428673931
1374328262789703
494739590596655
163239647184743
278008925669540
137415179777389
137912536397139
454610304613007
488349654552737
137278689795629
579939558696878
311629558965701
159673997529454
515979461794250
425925664157038
609508452409826
586172328061012
557341360956674
339111546209040
116977418486127
332657400167493
135729623263272
433914586686557
473066576087149
531810630192149
506858682691051
399260210163146
477735442283558
441942729204802
465505643512985
493937523982646
463628513685865
515831731771105
414505998617796
143080932505640
296166480499775
559130957437165
164371567038381
518497621495109
441061122608100
274532986000978
355445261213781
114078335416138
374890849253819
389736074433369
273275589457627
148150848662023
357222227704325
383310678403627
357928240956935
465773226787656
409059129161481
400740349980111
414844471897220
494606920568005
391783950841670
365009926871582
261725113921569
360779820629422
246811902074184
223391984423465
169982623115942
216285935134221
101541203307170
314039258632514
210488319043446
184016618351571
245669922155972
241921549198158
131918573579739
293721170654388
107707919337858
162437637176373
172326089516800
171794229569161
227638650625092
171203352960771
120928508013853
199748073428581
144075285687765
226375274087904
174332462644282
247102391992117
103136503127840
114215138681960
240904799285999
132487623514862
185339341537884
166296776781868
270770732948763
119475241465359
120151141398356
158749000856106
179161518800130
124078211000374
185244951522099
105642936185955
111728578908321
122072227866895
193366290696598
191006834272447
165713290146725
176340059078072
184437841594811
125556684183908
146412048749669
144453478946445
111610925574189
119816464749218
140422779342798
162172557150379
142000819181498
157911697581875
148611458515503
101496426584546
165598976788412
162212217129417
118696971518426
115664011821456
104602076266421
153679911314720
118173731535771
114776178552240
106494932719939
103782606329494
114330158583702
111824855499006
321902267801
339946639529
347963118576
324362667646
335576448295
321162950792
297573417207
260322402633
191322867589
186597657244
180303497542
172787798742
170096534653
164768617973
160080109638
164470716464
171899312124
172936209256
170040966415
132577267745
152680910773
118666380887
98489572521
79231212314
76883409783
77639104575
95358469347
87440651778
103253533568
76106657824
68438363182
86976146354
60840946343
65329438070
64970572974
53304972669
59216251815
56211668322
56937623047
55515913806
54573453699
54200679772
53656368865
54992783845
66380540812
68667945929
61988143091
48692164086
32674707830
47188342004
59408261631
115427250526
44495659269
39743810698
101897770289
38406899076
33856824462
34476154321
44540423571
33100715899
30858458917
30610081942
28267567761
32448735665
25305904037
13131346143
exception occured for value  7894224942 'next'
exception occured for value  Computer Science (Games) HTTP Error 400: Bad Request
227840877297993
227840877297993
227840877297993
227840877297993
477182752299902
447722301941632
243311799151508
707430152618495
368250199973624
284015131656950
311557975547272
474091035983976
514513918631119
490088157755479
465979563516291
457370341038606
283450388391004
286298268110845
143208025806711
160432170821268
226573897499692
1376330929268779
176257612558290
548074688595802
648353005186977
227155154120029
509948459101391
122473657863546
330905700262645
332129736809399
101012780030165
101012780030165
101012780030165
126068980882569
307566969364964
196061150533128
307566969364964
518016871583088
282314861898542
543785812331521
120167861521659
393543680753991
149719641884916
616486968384542
515830858488508
237165076432782
237165076432782
207206946124550
184382981745564
184382981745564
457757677671219
457757677671219
532728406805329
1432925506934822
161682283928518
266095903441231
266095903441231
312764372066932
290715150976221
202941679820450
220780041359831
288423711233254
280848878663585
432543866760165
288423711233254
432543866760165
428577603837026
399600333394795
446634228743041
213844758709105
223424307744038
260157230721622
308092682578376
323059124423122
290888684335097
165478756925722
461401290563805
112784522228103
402255069861321
535504063166371
443530989057386
391651984283240
569276263136622
429057430538336
1425546854327004
542334392518476
542318652512290
305598952835812
335840316473562
475611555797308
264099777046931
450902314977814
152349868294481
725036977511012
238747212954796
1412193329016900
625497157493355
580027865364378
595803587132329
707748505921649
591678230886552
598514946874270
126091514177651
155895357885513
500398653342430
508390362552173
143842539132296
370233679774790
442488459199171
725731790776312
475394019226361
549311815124527
192297544289314
636965516347470
1436736793220501
248415105308252
562153753860607
1410429525858144
265874213560671
240762269420275
193977834084140
650735188275840
157259914446964
667833176567127
667833176567127
667833176567127
175722095940638
426511894126738
486387371457665
210761139048013
165890343604831
1384457735118266
562367547144950
1384457735118266
369082286558209
747292448619198
314995805310403
246935355454183
481597701937671
429440370491532
216725848505792
481597701937671
481597701937671
266095903441231
266095903441231
312764372066932
303512033018739
290715150976221
191211874323914
339577636054869
233168663451704
451099614935659
104810649681784
504389266251896
509034122454910
460410560667699
423308611056400
443454405730468
446634228743041
267833706684427
267833706684427
411651115617759
618402614850886
164105957128798
601746939887614
133710820066350
149426528490165
346632908688197
187494284687184
356292234423288
424165140943939
395387707165131
443713539004704
203770496431161
419294008151660
417026088372404
431265750286414
667015943324600
605353049486467
360195204112922
1409028792648122
529609627109086
360195204112922
547882141950915
360195204112922
598514946874270
250290398457218
360195204112922
191812517674087
313999341961904
168169146617649
341662912529481
246399892098323
246399892098323
234776029931496
234776029931496
308606885848357
341662912529481
226747890743162
226747890743162
375800135769377
100759583384655
315413571838954
299485763441128
203797373052044
243843222364436
299485763441128
317030055006733
250922288324465
350141858352478
299485763441128
193109850800243
405208032839502
359666570739180
319128194819507
356292234423288
356292234423288
356292234423288
276505342427889
424165140943939
356292234423288
359666570739180
424165140943939
346307318761203
262740293820447
262740293820447
262740293820447
262740293820447
219193428189782
166883300101698
158513024282249
141087089361946
200118880117217
364150126986211
514416901918913
489787901049969
316614565101199
489787901049969
316614565101199
308323819266381
521959564485198
514416901918913
427684520608303
283513198421722
514416901918913
482386685114051
521959564485198
525866507440515
144413772367390
301014309999074
301014309999074
238743089567789
371681369573633
468969613143409
431460326918525
373025879441106
454933874548689
158113580998773
130717997076986
414907281896572
379176608825050
483103178396169
555420991139173
173562632784093
428778980511239
101294380038356
486946671327629
546627302017324
531285260232192
395693690505542
156068074536059
220585171411120
576898462323790
458704084179373
156068074536059
271335499661500
576898462323790
335183756583566
448102021909632
583556778325542
596632493685235
585425374804397
465300633534103
465300633534103
196061150533128
132213460280068
546038712080609
415871971826778
307638229358184
426549887387545
140808326083087
528694423829703
276269439162507
498482516882770
426549887387545
142645202568500
446878692049877
130109337164399
241623145974484
491459554251260
339866172784184
488949131169160
446878692049877
357432157705090
350998591672957
422208207868062
435694083175136
503134109749639
533144036736760
147609815405336
308462139282118
323591481097118
283057055159552
160233190805884
241333232677236
377618795684820
461503303932307
353307611437523
151547831685200
464656706937033
156398057860080
638232389524086
135486299972136
151547831685200
137661523085593
182311438589174
508138679234059
143965029118761
147760445404400
464656706937033
585826804769801
604161822945100
629284783765587
533754606676074
629284783765587
604161822945100
261812720609905
547337491992128
220202181471000
427426654043451
338219676313488
619608201425479
509848275772295
1382189122010468
194394267405468
700400813307288
537637419639916
537637419639916
537637419639916
537637419639916
504804632942334
210761139048013
504804632942334
160598160813208
1384457735118266
1445239392367008
1445239392367008
438910912894657
391022481024820
454083401372648
369082286558209
309848552486724
309848552486724
173177849542000
606354786073684
444630068989099
216507461844633
606354786073684
603883266320092
335070313296586
375894212541124
489062254534838
480802448693782
519836491436878
154121494797278
486296724810523
557452140992718
356155881185948
310098082461872
314995805310403
310098082461872
443433895777646
1417918585092012
221654811336039
444226329028647
444226329028647
231712326991656
236108566544919
1383192908587243
404360639689334
244827165672904
354251508052495
244827165672904
229815410518140
592508770784726
659960300715488
548774281869561
174468469414108
642399979146119
642399979146119
356644237813270
356644237813270
173887956146197
439858062792423
646529798732000
161052547438974
181850045353012
1407942612775755
181850045353012
360195204112922
242955649192535
1409888519247470
191812517674087
775418612472720
256710757817556
610731345656312
1397451083832852
210761139048013
360195204112922
167029366827655
386488191480320
314995805310403
229815410518140
216725848505792
360195204112922
153491074763686
127711867347075
127711867347075
318909668154546
236993723050674
239427772805652
305973152777231
236993723050674
159830614135940
196218130484966
250776135014929
312673832120330
312673832120330
293617537377243
312673832120330
312673832120330
326876547376251
375296622514533
307439012660273
225093640924342
476600815698013
378496062220987
476755029021851
231290366998805
419438258118136
274758172626872
534283273252678
373772056039901
357320824365938
143633762460822
413772438697805
150480245102831
370665576364428
402869819803491
307053952731640
535869299767911
541329125899170
446878692049877
187568001367527
221683617971714
486417801395697
434202850002756
341454225960665
235029739968474
341454225960665
300759720057850
562867807095362
561873140539922
532375993500509
717448271602864
361713893960974
369082286558209
650736874966281
326980637446244
486296724810523
314995805310403
666423490054533
666423490054533
1412418612321365
591678230886552
243399859054128
230557177065756
230557177065756
230557177065756
401775489880769
288826047896493
101832429980321
192071077597205
292497917536112
101832429980321
101832429980321
564843090199515
102143836629992
426912204045631
387953394630073
107246969455924
149963815162904
433302430085738
155532367946540
155532367946540
351235611644329
577973738894554
577973738894554
577973738894554
155532367946540
378356555613487
190902377728111
542515442465224
151290285049266
378356555613487
525023074225940
319747948159530
688563871159873
563099577069383
159957454201824
149135595297092
215162038645992
425029747615633
752546098104520
483753118399126
546113325483007
390975917632723
410238192362689
343928445697747
528613920486668
343928445697747
342801062480090
146815092129052
528613920486668
528613920486668
353075698118126
231290366998805
314197652021199
436054196443584
516586678362527
240863296047998
331258123659231
456551524398931
456551524398931
307053952731640
456551524398931
456551524398931
456551524398931
541329125899170
456551524398931
125791900938569
436257733122603
125791900938569
521331517930902
175105099311776
521331517930902
531800830195083
296469730493256
621467874560509
621467874560509
174440966075840
1380662942166075
717448271602864
562367547144950
369082286558209
241525412663834
1420001938212650
186388144877903
572839859449969
195635070616626
588587204538527
168176743377108
314995805310403
246940845460621
620789207959902
515543711875096
359039080908466
433522360086040
307818872691613
216725848505792
498510443581168
179790918881208
360195204112922
641918609194473
641918609194473
641918609194473
261509890664634
215954905244232
474664449317482
667418006613063
222761804473415
106039136188998
209480169150595
267616929991962
375296622514533
281856171896509
309090202492634
103032936508901
214929171966163
446101975437216
389922127765536
584504688245414
110843072442022
552322188123037
528948030500080
203961949763366
486377191451693
486377191451693
494380030653212
425619600890532
548396008543670
165696313619231
682667765094203
305916506213112
305916506213112
682667765094203
305916506213112
305916506213112
305916506213112
305916506213112
305916506213112
305916506213112
305916506213112
262237023901086
262237023901086
1400733966823659
262237023901086
1400733966823659
1400733966823659
1400733966823659
1400733966823659
424972524280537
214727262022611
424972524280537
424972524280537
424972524280537
515543711875096
307818872691613
359039080908466
307818872691613
179790918881208
641918609194473
641918609194473
641918609194473
554589561289312
222471834581322
554589561289312
554589561289312
554589561289312
300410306649919
122473657863546
259342494116613
328213240527121
332129736809399
332129736809399
360652217292412
360652217292412
360652217292412
172285736217721
371555696200038
101012780030165
101012780030165
101012780030165
416638618352911
385845294773789
101012780030165
385845294773789
329777153749656
429465737072165
274749879290889
274749879290889
471365649557706
471365649557706
349332298482488
371838299553004
278856132227750
400695466664899
357928240956935
542516282430130
542516282430130
283929911725456
291967697586458
123093441213623
638232389524086
123093441213623
123093441213623
431731656944578
1397662090465961
362104757266773
435150749944258
260344387447571
326251544067916
169355273170217
211864095573825
211864095573825
230647293683710
230647293683710
418682941482106
274587325958495
122512381215392
207077829405048
443456085693613
289165237869446
164847386989241
227816630682330
227816630682330
430377457032454
196231203852978
329115513873351
539825816040347
507462925958761
116619388527297
287376634729266
500398653342430
500398653342430
137278689795629
508390362552173
725731790776312
588878991172344
425467054226442
375695665867267
574187759295401
503829186375476
734636689895211
235576156600477
404360639689334
636965516347470
1436736793220501
1415886521974524
265874213560671
324461957614137
209403269162161
205568119562926
257926884323414
276175122498368
482386685114051
425598360830374
353075698118126
489306604427418
436054196443584
143633762460822
370665576364428
128239140682975
456551524398931
307053952731640
262752613858267
539211826118603
541329125899170
187568001367527
221683617971714
486417801395697
535706616468988
125791900938569
447608491984226
447608491984226
434202850002756
443450625722857
580027865364378
235029739968474
175105099311776
521331517930902
130273707161744
341454225960665
163991857099406
547628938614323
205693286244535
147311565464442
164338170414460
556016967789754
556016967789754
556016967789754
296469730493256
622818584419786
297792757029295
297792757029295
187940294720035
621467874560509
215538965278193
187940294720035
187940294720035
293625697447371
210761139048013
215538965278193
621467874560509
649643478388736
522572807836411
293625697447371
174440966075840
1380662942166075
717448271602864
293625697447371
562367547144950
369082286558209
524111090999395
594344057275759
1392128964351487
661062757244960
195635070616626
588587204538527
1421638744718183
168176743377108
314995805310403
509526205809295
620789207959902
246940845460621
509526205809295
522609727823520
620789207959902
620789207959902
433522360086040
307818872691613
234621576700491
216725848505792
498510443581168
358322444304369
488507144581916
261509890664634
336425006496165
148808381907401
420257154661030
253956548021243
411713718884076
119980391487490
119980391487490
378813072197739
295877450525317
529806907048483
342713562506482
588893857788618
213994235419727
213994235419727
705320656149982
528245700584785
577246238997125
122473657863546
101012780030165
101012780030165
101012780030165
137278689795629
254751667927739
317877868311410
360224800728759
419438258118136
488561074507806
120698894771752
405201759562898
401531953266344
120698894771752
405201759562898
405201759562898
196231203852978
407833555978072
329115513873351
344405615678789
539825816040347
311785632278241
344866782284877
344866782284877
127284684117053
134249843414580
473738079347176
116619388527297
483877655001061
127827310729964
500398653342430
365035970282069
638755999484312
445328888885058
508390362552173
457702914338168
442488459199171
596080167102187
457702914338168
457702914338168
679413152085960
457702914338168
679413152085960
315854121891720
596397890406527
145233945686341
176042999264633
1436736793220501
750626648284307
750626648284307
750626648284307
545359235484063
545359235484063
474091035983976
636412399709015
636412399709015
570407736322862
570407736322862
506605816055715
239968246156735
246935355454183
1374493329458770
246935355454183
480802448693782
653688108004502
653630344681396
1435052680056764
175176699313632
239141906237669
388004394662969
445239585587228
289165237869446
196231203852978
451335081606447
507462925958761
116619388527297
500398653342430
155354847995692
315854121891720
404360639689334
636965516347470
1436736793220501
265874213560671
464795686890325
210761139048013
314995805310403
216725848505792
1377061189204978
484586378226791
160925720697944
488296787861997
199573510177409
462636063788288
298846423550765
129375710550477
129375710550477
171370506342081
143633762460822
370665576364428
355651354542532
187568001367527
221683617971714
486417801395697
424986477589271
434202850002756
128489080662212
366614526784408
463557103716363
372853489494721
235029739968474
372853489494721
179620402192108
162557240574867
300759720057850
134988806689779
1391646874395875
211808245645399
370389863092858
527432093998761
1416773388536846
518912611530169
386357694827254
480802448693782
598839616839484
173890686147419
636965516347470
515543711875096
359039080908466
250290398457218
542334392518476
179790918881208
250290398457218
641918609194473
641918609194473
250290398457218
641918609194473
482386685114051
269615516490049
269615516490049
466637906710441
379176608825050
175036262633613
546038712080609
374076376005080
203770496431161
144220602421908
597754440252142
151374668368048
547337491992128
205116236331660
500582770028466
395685157219961
241111032703125
532375993500509
172011299654483
559727804093527
1378951542329780
616616195043942
443433895777646
1417918585092012
190489241138954
307818872691613
548511408561755
641918609194473
242955649192535
641918609194473
610731345656312
269615516490049
525866507440515
466637906710441
443713539004704
496920213659450
175036262633613
547337491992128
210761139048013
369082286558209
314995805310403
444226329028647
707748505921649
216725848505792
598514946874270
641918609194473
641918609194473
379469028767411
427684520608303
283513198421722
139743369501058
427684520608303
525866507440515
103303096492690
103303096492690
490807407596895
371681369573633
233025123491330
400892679982170
213235535475825
389082131176189
329353190507144
124773317697165
203770496431161
142794925886581
446878692049877
130109337164399
339866172784184
507462925958761
357432157705090
168387646647797
440286646054431
392474704193126
235805556562488
137661523085593
366840010100226
135486299972136
182311438589174
461348167273224
475593142511728
235648583250435
620426221312488
165264533668554
621467874560509
578447032201899
747292448619198
747292448619198
592793117447519
375894212541124
310098082461872
519836491436878
310098082461872
156767627866137
1417918585092012
214727262022611
707748505921649
406177166175095
591678230886552
288924847853200
311942518876781
296277920441151
410574232309092
485877988095337
188338811293512
135221413281506
442917845718612
200118880117217
352126294865752
358187407583858
358187407583858
272328589543318
412759228782362
403205696407252
308323819266381
346493572102726
521959564485198
308323819266381
482386685114051
521959564485198
269615516490049
238743089567789
144413772367390
277950515643445
244450822345035
500820329946351
103303096492690
285205211585514
285205211585514
490807407596895
395387707165131
157872231019049
157872231019049
385482568188076
145208915624504
310603689047938
156447231162049
420170761377442
310603689047938
289225834514607
110979515717918
225034697623995
509978569013633
378480268899111
225034697623995
441967715840046
443713539004704
290297551080848
414907281896572
489306604427418
538019732879661
297885826990911
372786256137376
379176608825050
481153318591226
213235535475825
175036262633613
478232525542714
526927247334893
511127088912298
481019318596038
463717900336504
428778980511239
101294380038356
505805039443219
134241993394889
423304264403673
574340579250042
122826387877532
265243500265123
443362435728323
460729517306180
391392057613811
150480245102831
314729085305494
413772438697805
576898462323790
335183756583566
448102021909632
596632493685235
145258568963328
200472216763219
413772438697805
199314540207996
196061150533128
132213460280068
532153146814585
196061150533128
415871971826778
374076376005080
331008020345551!
487959351240969
276269439162507
594513487230268
458441934233063
474059925991352
498482516882770
160940147392560
312758765513126
475747192474231
431265750286414
541154792583342
190560807734208
599447813403251
267007990099223
357432157705090
459800400758594
159515457539011
403523049743109
134249843414580
321348494635127
283057055159552
422208207868062
289823597815903
193841804073401
470598336346822
357131981063143
233795043432513
454976694574976
348131018639989
308462139282118
452122344863865
347931745307141
226938060781347
323591481097118
520920201282771
229135500548700
144220602421908
144316675739327
505882059468255
234523313357639
580027865364378
125369077653103
185217344960223
629173567096577
185217344960223
629173567096577
443594542382935
151547831685200
156398057860080
135486299972136
242447842562492
122306924630104
122306924630104
179620402192108
182311438589174
300759720057850
162131863946725
404284419678792
559572590754633
300759720057850
476767585727437
300759720057850
244132209058438
276771312452164
300759720057850
476767585727437
629284783765587
559572590754633
562752343755896
559572590754633
629284783765587
559572590754633
629284783765587
559572590754633
559572590754633
151374668368048
146803782167824
183068618516089
131567813714621
156946991158457
273461569462258
273461569462258
273461569462258
602460253107444
547164505341009
555819531143688
542192222513768
261812720609905
547337491992128
261812720609905
1379779362250948
619608201425479
338219676313488
521578937911171
619608201425479
619608201425479
619608201425479
426511894126738
122014821302148
527162657319650
705467199480038
395685157219961
398831066885512
196116980564361
411962408914574
160237394178544
1416512751893777
169141739941895
160306547498003
1382189122010468
323854727751634
590999807605444
227010027456137
504900766265884
504804632942334
160306547498003
504804632942334
210141622487032
1420271824859005
588785231180483
1420271824859005
198486176984356
162121943987178
544395868948426
178375772349751
198486176984356
165726936956752
562367547144950
1420470008168015
393975747400697
386357694827254
172011299654483
694393470587928
1378951542329780
631143523583123
426346457486063
559727804093527
1378951542329780
386357694827254
386357694827254
458928824225682
486296724810523
230316700459628
213619908816689
583460431717491
154121494797278
557452140992718
557452140992718
598839616839484
356155881185948
262237023901086
529957580430148
167447980128636
220743088086760
222894991205071
222894991205071
236108566544919
566277750112554
1412418612321365
1383192908587243
707748505921649
212942438880607
392186097576423
244827165672904
707748505921649
244827165672904
167447980128636
1424571867757571
410892492371081
307818872691613
548511408561755
359969937482396
238747212954796
548511408561755
216725848505792
240573849434968
216725848505792
173887956146197
495907850516074
644003078954899
544982138915997
591678230886552
439858062792423
160462847497736
312719275533281
598514946874270
584378571611683
181850045353012
641918609194473
242955649192535
641918609194473
195095437344464
541666885928224
322457427892262
256710757817556
200945516755444
200945516755444
256710757817556
538132859609907
538132859609907
269615516490049
269615516490049
443713539004704
175036262633613
474059925991352
547337491992128
261812720609905
504804632942334
504804632942334
262237023901086
707748505921649
707748505921649
707748505921649
591678230886552
641918609194473
641918609194473
641918609194473
165296916990680
338219676313488
619608201425479
527162657319650
705467199480038
527162657319650
705467199480038
500582770028466
1384457735118266
369082286558209
595803587132329
386357694827254
694393470587928
595803587132329
172706276257748
595803587132329
747292448619198
595803587132329
595803587132329
262237023901086
386357694827254
262237023901086
314995805310403
383003505161218
190489241138954
444226329028647
256611007821156
483753118399126
707748505921649
1412418612321365
307818872691613
653688108004502
250290398457218
216725848505792
591678230886552
439858062792423
439858062792423
312719275533281
1382111322030674
250501965104008
598514946874270
250290398457218
584378571611683
394790917290279
641918609194473
641918609194473
250290398457218
716792955000376
1430304677187510
267979289956720
267979289956720
375296622514533
381977671846814
338074702917202
338074702917202
423455614351093
135221413281506
272328589543318
253342854778168
412759228782362
253342854778168
404285982969095
514416901918913
276285029137866
269615516490049
269615516490049
525866507440515
378496062220987
490807407596895
525866507440515
267297283377059
466637906710441
225034697623995
475611555797308
468969613143409
225034697623995
225034697623995
225034697623995
414907281896572
487648777923625
379176608825050
283899908393102
203750199760143
519234618088057
505805039443219
574340579250042
145258568963328
532677736756296
145258568963328
196061150533128
196061150533128
546038712080609
415871971826778
374076376005080
128239140682975
307638229358184
140808326083087
498482516882770
216682585142739
134249843414580
440286646054431
463557103716363
289823597815903
615801131767280
615801131767280
226938060781347
185217344960223
156396177861310
125369077653103
156398057860080
122306924630104
156396177861310
151547831685200
130229043836219
156396177861310
300759720057850
179620402192108
476767585727437
476767585727437
475593142511728
151374668368048
547164505341009
547337491992128
415369348569762
620426221312488
367354520063980
557452140992718
307818872691613
429565177142957
641918609194473
641918609194473
641918609194473
556692467738686
375296622514533
381977671846814
126922314105193
346307318761203
135221413281506
256331521144121
267297283377059
505805039443219
574340579250042
122826387877532
196061150533128
196061150533128
156398057860080
151374668368048
257272661081492
547164505341009
547337491992128
321552624652178
135221413281506
370897809628169
135221413281506
427684520608303
139743369501058
224029811057637
482386685114051
269615516490049
269615516490049
525866507440515
103303096492690
385482568188076
420170761377442
344423682315784
247458495377570
420170761377442
233025123491330
419438258118136
123431434477356
175036262633613
283899908393102
128789540607045
389082131176189
511314618893878
122826387877532
595010513848165
145258568963328
331008020345551!
307638229358184
140808326083087
203770496431161
419294008151660
156638654491059
156638654491059
156638654491059
431265750286414
357432157705090
464564716946361
159515457539011
153896098101929
168387646647797
176193399196188
546617238694280
434202850002756
452122344863865
392474704193126
392474704193126
272715482862954
235805556562488
359298007508895
366840010100226
562752343755896
261812720609905
547337491992128
1382173752012314
395685157219961
415369348569762
235648583250435
504900766265884
210761139048013
532375993500509
369082286558209
730730876953066
172011299654483
592793117447519
409321805856465
375894212541124
262237023901086
1418887238328891
223626451131130
519836491436878
736753403018554
262237023901086
314995805310403
409321805856465
666423490054533
1417918585092012
256611007821156
307818872691613
174468469414108
216725848505792
548511408561755
216725848505792
591678230886552
591678230886552
641918609194473
641918609194473
641918609194473
175036262633613
505805039443219
110843072442022
444875252265308
144220602421908
241333232677236
241333232677236
134923740022645
455071367938713
1417918585092012
214727262022611
1384580858447643
307818872691613
641918609194473
641918609194473
641918609194473
1433743536837217
532165693546428
475611555797308
175036262633613
364572790304174
110843072442022
170156676471332
152528424910646
262237023901086
307818872691613
641918609194473
641918609194473
641918609194473
267979289956720
267979289956720
370897809628169
360018787367208
423455614351093
135221413281506
514416901918913
489787901049969
316614565101199
412759228782362
489787901049969
316614565101199
466762990014726
427684520608303
308323819266381
283513198421722
139743369501058
224029811057637
150504021756173
514416901918913
521959564485198
269615516490049
269615516490049
525866507440515
460790177288284
144413772367390
418062948250327
103303096492690
238743089567789
413848971998276
420170761377442
371681369573633
475611555797308
110647499088451
378480268899111
373025879441106
436457319734553
379176608825050
213235535475825
448141181896091
175036262633613
555420991139173
203750199760143
173562632784093
428778980511239
389082131176189
486946671327629
505805039443219
496081260426261
574340579250042
395693690505542
576898462323790
458704084179373
415968665145013
145258568963328
532677736756296
465300633534103
465300633534103
196061150533128
495236490522365
196061150533128
546038712080609
374076376005080
307638229358184
118481001664383
203770496431161
458441934233063
498482516882770
142645202568500
431265750286414
147609815405336
505497102843785
153896098101929
609093369104378
422208207868062
440286646054431
503134109749639
463557103716363
495399797185827
289823597815903
147609815405336
461503303932307
372853489494721
501924659868605
321078391349061
151547831685200
125369077653103
156398057860080
151547831685200
179620402192108
300759720057850
162131863946725
300759720057850
179620402192108
300759720057850
150224651816553
300759720057850
300759720057850
300759720057850
475593142511728
604161822945100
151374668368048
300759720057850
547164505341009
261812720609905
1379779362250948
1379779362250948
338219676313488
1381759688721985
700400813307288
537637419639916
537637419639916
504804632942334
504804632942334
210761139048013
210761139048013
504804632942334
1445239392367008
1445239392367008
369082286558209
309848552486724
178375772349751
730730876953066
562367547144950
606354786073684
216507461844633
1423777424510351
335070313296586
409321805856465
559727804093527
375894212541124
1418887238328891
519836491436878
154121494797278
262237023901086
310098082461872
314995805310403
167447980128636
156767627866137
409321805856465
1417918585092012
231712326991656
442042659234177
483753118399126
707748505921649
167447980128636
659960300715488
601746939887614
307818872691613
174468469414108
356644237813270
235803683250635
641918609194473
242955649192535
641918609194473
178341399026336
641918609194473
1409888519247470
321552624652178
733518453342296
221482311365277
716792955000376
283057055159552
542334392518476
141045116037628
1445239392367008
1379400492295410
439858062792423
289165237869446
505805039443219
227816630682330
430377457032454
196061150533128
329115513873351
539825816040347
451335081606447
425812807510795
503134109749639
116619388527297
500398653342430
500398653342430
165296916990680
171030339749739
171030339749739
1407494369474941
165264533668554
572033299529098
404360639689334
1436736793220501
174468469414108
354379054640837
461341973887548
266236533493859
153040908168384
464028530287206
209302985867079
317328008366088
469775663043692
441967715840046
102674149891105
386805514730473
242230282571485
486635078025737
505805039443219
142760429206028
395290943879085
480878161968596
531823923567109
426085477491929
1457889737770763
400298223364991
214929171966163
428778980511239
330271583750549
534201806620753
110843072442022
486377191451693
486377191451693
494380030653212
494380030653212
425619600890532
548396008543670
262237023901086
262237023901086
262237023901086
515543711875096
307818872691613
359039080908466
307818872691613
641918609194473
641918609194473
641918609194473
482386685114051
155895357885513
441967715840046
175036262633613
128802110610020
144220602421908
508390362552173
370233679774790
442488459199171
725731790776312
572033299529098
475394019226361
549311815124527
262237023901086
262237023901086
262237023901086
636965516347470
307818872691613
562153753860607
248415105308252
1410429525858144
240762269420275
641918609194473
641918609194473
641918609194473
361542797271309
374076376005080
151374668368048
412759228782362
482386685114051
269615516490049
269615516490049
144413772367390
103303096492690
443713539004704
414907281896572
379176608825050
175036262633613
203750199760143
389082131176189
505805039443219
574340579250042
595010513848165
396995367054331
464020883659731
196061150533128
546038712080609
415871971826778
374076376005080
155472827940422
203770496431161
393764867386219
498482516882770
267007990099223
134249843414580
422208207868062
592182350794547
495399797185827
169701989853658
454976694574976
392474704193126
169701989853658
461503303932307
372853489494721
365035970282069
151547831685200
125369077653103
156398057860080
151547831685200
179620402192108
461348167273224
151374668368048
385054464934657
547164505341009
1402377686652698
261812720609905
1379779362250948
205116236331660
562867807095362
1382173752012314
205116236331660
619608201425479
338219676313488
205116236331660
222584324564363
395685157219961
235648583250435
411962408914574
415369348569762
235648583250435
235648583250435
591956670851291
215031595327467
566797973357754
590999807605444
165264533668554
210761139048013
566797973357754
725731790776312
621467874560509
566797973357754
532375993500509
669285193090423
577357585664864
549311815124527
391022481024820
369082286558209
726284294051979
606354786073684
1423777424510351
606354786073684
172011299654483
559727804093527
184090081776480
564570046930841
410021675787311
1418887238328891
519836491436878
486296724810523
213619908816689
583460431717491
262237023901086
314995805310403
519836491436878
529957580430148
167447980128636
443433895777646
383003505161218
220743088086760
561611057246145
222894991205071
1417918585092012
222894991205071
190489241138954
1412418612321365
1383192908587243
707748505921649
707748505921649
167447980128636
251683514988419
1424571867757571
598839616839484
636965516347470
307818872691613
1410429525858144
307818872691613
212845435562713
240762269420275
584378571611683
641918609194473
641918609194473
641918609194473
322457427892262
279325935476769
267979289956720
370897809628169
166883300101698
340481152703962
412759228782362
521959564485198
427684520608303
482386685114051
521959564485198
269615516490049
269615516490049
525866507440515
144413772367390
500820329946351
479777495374098
274652155979337
156447231162049
475611555797308
262002730586869
443713539004704
233025123491330
296565123781332
414907281896572
498418363510768
379176608825050
175036262633613
203750199760143
315207451911168
389082131176189
505805039443219
128802110610020
574340579250042
576898462323790
458704084179373
150480245102831
373644929392429
271335499661500
576898462323790
595010513848165
448102021909632
124773317697165
196061150533128
119289374916267
546038712080609
415871971826778
331008020345551!
307638229358184
118481001664383
203770496431161
139187362909412
329115513873351
458441934233063
498482516882770
156638654491059
132079066970962
132079066970962
424986477589271
546617238694280
495399797185827
434202850002756
454976694574976
308462139282118
347931745307141
392474704193126
392474704193126
461503303932307
500398653342430
355646557872571
156398057860080
135486299972136
151547831685200
366840010100226
461348167273224
151374668368048
667833176567127
547164505341009
492488140840896
1379779362250948
1379779362250948
205116236331660
619608201425479
629393283757582
500582770028466
226181584205280
591956670851291
415369348569762
1381759688721985
648619968484391
235648583250435
591956670851291
215031595327467
566797973357754
537637419639916
537637419639916
210761139048013
566797973357754
532375993500509
1445239392367008
1377256945843861
198486176984356
1384457735118266
653307824688434
653307824688434
369082286558209
726284294051979
198486176984356
730730876953066
606354786073684
386488191480320
1423777424510351
606354786073684
595803587132329
595803587132329
409321805856465
564570046930841
386357694827254
1418887238328891
519836491436878
598839616839484
356155881185948
262237023901086
736753403018554
314995805310403
519836491436878
167447980128636
409321805856465
443433895777646
666423490054533
583460431717491
1417918585092012
444226329028647
442042659234177
1435242800035426
442042659234177
251683514988419
707748505921649
167447980128636
598839616839484
307818872691613
611161305609617
419894744800575
359039080908466
1415886521974524
212845435562713
674765859256156
495907850516074
1415886521974524
235803683250635
1382111322030674
598514946874270
394790917290279
696725057044465
641918609194473
546967622053236
641918609194473
178341399026336
641918609194473
256710757817556
379176608825050
505805039443219
574340579250042
196061150533128
196061150533128
546038712080609
128489080662212
226938060781347
470122333057327
235648583250435
519836491436878
426085477491929
1457889737770763
632359010148107
135221413281506
175036262633613
747292448619198
307818872691613
641918609194473
641918609194473
641918609194473
389082131176189
125369077653103
547337491992128
200118880117217
283513198421722
220860924708133
366389050103114
371681369573633
110979515717918
373025879441106
443713539004704
443713539004704
478232525542714
511203108900819
481602745236268
413403862089982
592182350794547
118483935008636
234523313357639
185217344960223
156398057860080
352058764895649
151374668368048
487718957974446
504804632942334
544395868948426
393975747400697
566277750112554
1383192908587243
532341900182959
204472656350693
441967715840046
175036262633613
168387646647797
581878025192066
319695474843833
162320083971102
223712734463651
307818872691613
1425478870997353
641918609194473
641918609194473
641918609194473
427684520608303
525866507440515
475611555797308
302723079843300
389082131176189
505805039443219
414673638608829
425811287495669
307638229358184
203770496431161
359042994203754
484785564919361
168387646647797
154952538039080
218193171678182
1415886521974524
289165237869446
289165237869446
539825816040347
451335081606447
500398653342430
171030339749739
165264533668554
1436736793220501
641918609194473
441967715840046
371681369573633
373025879441106
538453922850558
505805039443219
415436201881662
357432157705090
151374668368048
700400813307288
307818872691613
499453123495778
641918609194473
641918609194473
641918609194473
641918609194473
175036262633613
128489080662212
226938060781347
557212017653088
557212017653088
637658709585891
491766010913042
433495753437800
562367547144950
570929999640584
347900302021113
347900302021113
426085477491929
252180558269522
641918609194473
641918609194473
1443257762568519
641918609194473
532831386801786
221482311365277
135221413281506
420170761377442
175036262633613
458441934233063
156396177861310
151374668368048
504804632942334
504804632942334
532375993500509
1384457735118266
595803587132329
595803587132329
595803587132329
595803587132329
595803587132329
557452140992718
340954699382663
196042823916716
1382111322030674
379176608825050
128489080662212
226938060781347
557212017653088
564570046930841
347900302021113
238747212954796
252180558269522
1457889737770763
1443257762568519
221482311365277
423455614351093
103303096492690
420170761377442
505805039443219
415369348569762
279339985519244
397682066993582
344160652357380
179620402192108
151374668368048
156652817850113
547164505341009
525642947507668
459488840814470
566660516726065
660441063966230
517873834973347
1445239392367008
229763587179427
434337696683409
745341612146122
439858062792423
1375903332653239
1375903332653239
1375903332653239
1375903332653239
1375903332653239
196061150533128
528396743885300
281992311883892
338074702917202
253342854778168
253342854778168
514416901918913
272328589543318
316614565101199
253342854778168
368853783186519
316614565101199
253342854778168
253342854778168
514416901918913
410098855705923
514416901918913
514416901918913
142463749230967
142463749230967
281294991971533
225034697623995
149557648519112
358674930881108
369413329801871
225034697623995
225034697623995
225034697623995
225034697623995
130717997076986
225034697623995
225034697623995
168453703298952
168453703298952
173562632784093
168453703298952
443362435728323
574340579250042
454412654594488
574340579250042
420786314664718
469812153055373
415968665145013
596632493685235
415968665145013
196061150533128
340903522687565
433280250077172
393764867386219
340903522687565
306450879458364
156078244549488
216682585142739
156078244549488
544927185551579
235373063273547
143508502489667
444875252265308
229135500548700
235373063273547
168851726602247
125369077653103
353651114736279
158742814294260
507928062576814
244559915683093
244559915683093
559572590754633
560732293961190
244559915683093
559572590754633
244559915683093
377345665713401
244559915683093
559572590754633
434837249938195
559572590754633
559572590754633
1406424506243415
1379779362250948
1402377686652698
1445239392367008
559727804093527
429057430538336
615661118470189
356155881185948
1422655567948461
615661118470189
394773997319528
167447980128636
439858062792423
674790902540676
1382374375316435
697101970309374
252155558240600
382644548477740
484956134871220
389082131176189
505805039443219
511203108900819
307638229358184
203770496431161
444875252265308
185217344960223
590999807605444
241111032703125
1377276062508861
103303096492690
527760670577194
304856762970184
154586954698542
154586954698542
370897809628169
262740293820447
262740293820447
283513198421722
457346004288807
224029811057637
420170761377442
420170761377442
373025879441106
233025123491330
414907281896572
400892679982170
175036262633613
371318189623520
128789540607045
389082131176189
595010513848165
145258568963328
124773317697165
140808326083087
203770496431161
419294008151660
446878692049877
130109337164399
241623145974484
491459554251260
339866172784184
431265750286414
431265750286414
413403862089982
168387646647797
110843072442022
110843072442022
392474704193126
392474704193126
392474704193126
123013057889522
502871879770477
359298007508895
366840010100226
562752343755896
151374668368048
547337491992128
261812720609905
500582770028466
235648583250435
235648583250435
235648583250435
235648583250435
230177220439651
210761139048013
532375993500509
532375993500509
532375993500509
532375993500509
369082286558209
562367547144950
1378951542329780
166319836901757
557452140992718
314995805310403
666423490054533
220743088086760
1417918585092012
256611007821156
174468469414108
1412418612321365
1383192908587243
592508770784726
307818872691613
174468469414108
419894744800575
615913631799460
548511408561755
250290398457218
216725848505792
548511408561755
216725848505792
591678230886552
1377061189204978
250290398457218
641918609194473
641918609194473
250290398457218
641918609194473
1409888519247470
289165237869446
539825816040347
451335081606447
425812807510795
500398653342430
1436736793220501
492488140840896
220313731458808
210761139048013
369082286558209
314995805310403
216725848505792
436457319734553
508138679234059
143965029118761
653688108004502
135221413281506
269615516490049
302723079843300
389082131176189
505805039443219
150480245102831
414673638608829
425811287495669
546038712080609
203770496431161
142794925886581
461503303932307
156398057860080
151374668368048
547164505341009
537637419639916
215031595327467
566797973357754
537637419639916
309848552486724
216507461844633
519836491436878
557452140992718
310098082461872
519836491436878
1417918585092012
174468469414108
231712326991656
659960300715488
356644237813270
598514946874270
598514946874270
511314618893878
495236490522365
427684520608303
525866507440515
525866507440515
466637906710441
175036262633613
505805039443219
307638229358184
308462139282118
352694488165870
135486299972136
1409624132592221
747292448619198
641918609194473
641918609194473
641918609194473
427684520608303
525866507440515
475611555797308
175036262633613
389082131176189
595010513848165
307638229358184
203770496431161
168387646647797
110843072442022
532638313448896
256611007821156
307818872691613
641918609194473
641918609194473
641918609194473
1409888519247470
1389457271298484
382644548477740
389082131176189
481602745236268
390699831037113
524361510966888
1445239392367008
441967715840046
175036262633613
407833555978072
456179081116622
212506165561005
503134109749639
422548064511439
641918609194473
641918609194473
375743665834810
175036262633613
428778980511239
428778980511239
546627302017324
462636063788288
467165026674452
276269439162507
458441934233063
458441934233063
534201806620753
190560807734208
459800400758594
110843072442022
283057055159552
493633464036429
241333232677236
353307611437523
241333232677236
149272861918599
502749853132964
491766010913042
637658709585891
637658709585891
347900302021113
641918609194473
641918609194473
641918609194473
221482311365277
423455614351093
269615516490049
276525382463721
144413772367390
175036262633613
505805039443219
128802110610020
262752613858267
451335081606447
134249843414580
459800400758594
110843072442022
500398653342430
365035970282069
508390362552173
562752343755896
171030339749739
171030339749739
370233679774790
442488459199171
165264533668554
725731790776312
621467874560509
475394019226361
549311815124527
195635070616626
168176743377108
256611007821156
636965516347470
600248710036979
307818872691613
248415105308252
562153753860607
1436736793220501
1410429525858144
440007232765388
426085477491929
240762269420275
641918609194473
641918609194473
641918609194473
532831386801786
1436736793220501
391592560884374
385674834803421
135221413281506
485877988095337
188338811293512
385674834803421
135221413281506
381055901943589
471736029521913
442917845718612
256331521144121
200118880117217
358187407583858
338766106213728
412759228782362
514416901918913
482386685114051
521959564485198
514416901918913
269615516490049
269615516490049
144413772367390
277950515643445
490807407596895
411572855548444
289225834514607
443713539004704
414907281896572
379176608825050
526927247334893
314729085305494
469812153055373
374076376005080
528694423829703
142794925886581
498482516882770
417026088372404
169701989853658
125369077653103
151547831685200
182311438589174
179620402192108
476767585727437
476767585727437
629284783765587
151374668368048
156946991158457
576948732346824
241111032703125
1384457735118266
198486176984356
529957580430148
603180326412443
236108566544919
389082131176189
203770496431161
562752343755896
296469730493256
621467874560509
1380662942166075
411637548936038
195635070616626
411637548936038
168176743377108
486296724810523
314995805310403
307818872691613
498510443581168
312716382074820
312716382074820
312716382074820
312716382074820
312716382074820
312716382074820
312716382074820
253806191342320
253806191342320
285823228128337
285823228128337
285823228128337
316588525027568
330012187027723
187419428020727
187419428020727
187419428020727
153152221460646
153152221460646
361783573838999
361783573838999
361783573838999
361783573838999
255359694533150
255359694533150
310307032338997
176202892483692
338979249468762
317343431650917
278269582242704
351477324886498
351477324886498
349897405050966
191085857660637
100156316783347
193034677478930
365098543534840
425087664174781
370897809628169
426604980700864
407672329264061
414999368521439
334886453249813
334886453249813
334886453249813
334886453249813
360679323987656
230130737097090
376142095782362
339923479413180
339923479413180
284284738335444
257364094372450
419025681474561
255758284532753
255758284532753
255758284532753
255758284532753
198688226925796
433621433344962
298787886883833
298787886883833
267915959976761
508179195874913
346919618718851
435103063199877
435103063199877
435103063199877
435103063199877
375356165881767
393516947405523
387398234670910
539874576036930
140808326083087
143607912465555
338512456249147
468317446555642
589387621090440
468317446555642
491726317548598
574260909271013
574804099226902
326615064134109
308669539266503
546145285447559
173201816194218
547337491992128
203512703133654
547337491992128
166618676861725
137439369799596
632392533451758
646855628658588
646855628658588
644361228921123
422581044512423
605353049486467
360195204112922
1438573406367847
360195204112922
1418108258404453
219829878186005
165599253644242
475390792575388
475390792575388
1409317042618418
446698112118504
391252360977854
547882141950915
642399979146119
360195204112922
1393515127560822
641064189291391
279998292131840
166887146796997
557452140992718
523451131081123
1379269295649343
540525546022523
178720472322104
532831386801786
532831386801786
688672877819115
688672877819115
677688258929422
175036262633613
443713539004704
196061150533128
196061150533128
359042994203754
594513487230268
160940147392560
417026088372404
510058582385570
151374668368048
547337491992128
261812720609905
386357694827254
606896742682704
564570046930841
1383192908587243
707748505921649
707748505921649
307818872691613
439858062792423
598514946874270
696725057044465
641918609194473
641918609194473
716792955000376
699784713379936
175036262633613
449331075102602
641918609194473
641918609194473
361094037307702
314449765328607
110979515717918
443713539004704
454933874548689
175036262633613
526927247334893
409621979110733
496081260426261
460729517306180
395693690505542
474059925991352
216682585142739
431265750286414
573777399299511
349755248464252
279478558852501
116278145232944
125369077653103
443594542382935
151547831685200
156398057860080
530881763621951
530881763621951
629284783765587
629284783765587
604161822945100
151374668368048
184480125049990
156946991158457
552625308131639
552625308131639
547337491992128
492488140840896
1379779362250948
438085842968740
509848275772295
619608201425479
619608201425479
590999807605444
442447239197616
156303544576979
198486176984356
262237023901086
1378951542329780
335070313296586
262237023901086
486296724810523
326980637446244
449691498472658
557452140992718
662205770470222
262237023901086
529957580430148
167447980128636
443433895777646
187546204766796
1424885451059394
1383192908587243
522682894466725
244827165672904
394773997319528
244827165672904
167447980128636
307818872691613
429565177
548511408561755
307818872691613
544982138915997
250501965104008
696725057044465
532831386801786
541666885928224
716792955000376
200945516755444
556692467738686
557212017653088
433495753437800
347900302021113
252180558269522
1443257762568519
534201806620753
307818872691613
145496478960153
313535272107266
165257650307732
687854611229426
525169157570456
399252353534786
399252353534786
199600660151427
111278465694440
361286410629625
333411266779606
437896129629311
1414526415427717
215810251912569
657170557649817
157384754458226
657170557649817
171750823017581
466258520159384
219351481571883
547337491992128
165901493586610
157194827794224
157194827794224
157194827794224
184480125049990
315211778613939
156946991158457
273461569462258
273461569462258
320891104714748
576948732346824
605068922871154
576948732346824
605068922871154
280128338791791
552625308131639
547337491992128
225597114256674
567290026664758
205440552950381
1379779362250948
1402377686652698
619608201425479
338219676313488
160237394178544
1377515389137684
391022481024820
544395868948426
386357694827254
443433895777646
591678230886552
598514946874270
222471834581322
619608201425479
198486176984356
616616195043942
443433895777646
261812720609905
584027261637407
1379779362250948
1391646874395875
489964544428771
619608201425479
338219676313488
171030339749739
629393283757582
619608201425479
205116236331660
122014821302148
411962408914574
442488459199171
370389863092858
631752916865623
1416512751893777
590999807605444
226181584205280
165264533668554
725731790776312
621467874560509
725667064113735
1380662942166075
1384457735118266
293494704122063
549311815124527
391022481024820
726284294051979
195635070616626
386488191480320
595803587132329
386357694827254
694393470587928
595803587132329
595803587132329
168176743377108
595803587132329
166319836901757
1421161211439847
386357694827254
480802448693782
486296724810523
557452140992718
736753403018554
167447980128636
443433895777646
187546204766796
561611057246145
442042659234177
443433895777646
212942438880607
167447980128636
552468821499385
636965516347470
562153753860607
1410429525858144
174468469414108
307818872691613
539641492792854
674765859256156
1377061189204978
498510443581168
235803683250635
240762269420275
178720472322104
1382111322030674
1397451083832852
443433895777646
233448400139449
713126492034975
692673250745159
615913631799460
653630344681396
532831386801786
380579915409921
380579915409921
380579915409921
380579915409921
1394091187488340
1394256000806332
193374484182575
1428713860675296
179479762143555
179479762143555
375094765850285
317030055006733
199100946864567
276857339049810
387382387940566
419636264718963
118072321656864
352550784791155
181435381985836
133539050118413
196793560446407
152159231575212
443513375680866
340587506022497
332898210129427
362018200536392
420342764685101
278375092263401
332898210129427
435788969797160
332898210129427
435788969797160
221833534612689
406044796116616
115984151886087
145208915624504
156447231162049
352153671544364
447925401911260
525550024123744
249165811876867
422765051127303
422765051127303
136853963140844
545359235484063
532381316794633
386149314813717
473444809385195
532381316794633
474091035983976
407259082697262
336458809789729
221683617971714
310058542455085
151251641711034
330289617093161
586086811416253
206551272833364
263707660438260
324345031033435
203277719830635
336277199837684
575131792533741
575131792533741
433115893466232
629735293714380
555404914507704
1387900841445130
595474060512538
463864587064235
466018233513855
439088949469363
483953091624818
483953091624818
349636865158335
198788413621957
198788413621957
198788413621957
198788413621957
496491680440593
496491680440593
544835878903768
213393355491570
559515020765075
528245700584785
656557957702239
577246238997125
542516282430130
261945540592681
114651488685232
164847386989241
500398653342430
137278689795629
638232389524086
162875847215923
460321747383577
169171246585539
597110493654053
280066778803023
649128461788055
431731656944578
630080130356066
291671804307576
404360639689334
1436736793220501
435150749944258
122473657863546
326251544067916
330905700262645
326251544067916
211864095573825
211864095573825
332129736809399
101012780030165
366426390045918
101012780030165
101012780030165
207077829405048
375109975861008
